# First-quest overworld screen x=11, y=1
screen 11 01
37 37 37 37 37 37 37 12 37 37 37 37 37 37 37 37
37 37 37 37 37 37 37 12 37 37 37 37 37 37 37 37
37 37 38 02 02 02 02 02 02 02 02 02 02 36 37 37
37 37 02 02 02 01 02 02 02 02 02 02 02 02 37 37
37 38 02 01 02 02 02 02 01 02 01 02 02 02 36 37
02 02 02 02 02 01 02 02 02 02 02 02 01 02 02 02
25 26 02 01 02 02 02 02 01 02 01 02 02 02 24 25
37 37 02 02 02 01 02 02 02 02 02 02 02 02 37 37
37 37 26 02 02 02 02 02 02 02 02 02 02 24 37 37
37 37 37 25 25 25 25 12 25 25 25 25 25 37 37 37
37 37 37 37 37 37 37 12 37 37 37 37 37 37 37 37
