# First-quest overworld screen x=0, y=1
screen 00 01
37 37 37 37 37 37 37 12 37 37 37 37 37 37 37 37
37 37 37 37 37 37 37 12 37 37 37 37 37 37 37 37
37 37 38 02 02 02 02 02 02 02 02 02 02 02 02 02
37 38 02 02 01 02 02 02 02 02 02 03 05 02 02 03
37 02 02 02 02 02 01 02 02 02 02 15 17 02 02 15
37 02 02 02 01 02 02 02 01 02 02 02 02 02 02 02
37 02 02 02 02 02 01 02 02 02 02 02 03 05 02 02
37 26 02 02 01 02 02 02 02 02 02 02 15 17 02 02
37 37 26 02 02 02 02 02 02 02 02 02 02 02 02 02
37 37 37 25 25 25 25 25 25 25 25 25 25 25 25 25
37 37 37 37 37 37 37 37 37 37 37 37 37 37 37 37
