# First-quest overworld screen x=4, y=1
screen 04 01
37 37 37 37 37 37 37 37 37 37 37 37 37 37 37 37
37 38 36 37 37 37 37 37 37 37 37 37 37 37 37 37
02 02 02 02 02 02 02 02 02 02 02 02 02 02 36 37
02 02 02 02 02 02 02 02 02 02 02 02 02 02 02 37
02 02 02 14 02 02 14 02 02 14 02 02 02 14 02 36
02 02 02 02 02 02 02 02 02 02 02 02 02 02 02 02
02 02 02 14 02 02 14 02 02 14 02 02 02 14 02 02
02 02 02 02 02 02 02 02 02 02 02 02 02 02 02 02
02 02 02 02 02 02 02 02 02 02 02 02 02 02 02 02
25 26 24 25 25 25 25 25 25 25 12 25 25 25 25 25
37 37 37 37 37 37 37 37 37 37 12 37 37 37 37 37
