# First-quest overworld screen x=15, y=1
screen 15 01
37 37 37 37 37 37 37 37 37 37 37 37 37 37 37 5B
37 37 37 37 37 37 37 37 37 37 37 37 37 37 37 5B
02 02 02 02 02 02 02 02 02 02 02 02 02 02 37 5B
02 02 09 0B 02 09 0A 0B 02 02 09 0B 02 02 37 5B
02 02 1B 1D 02 1B 16 1D 02 02 1B 1D 02 02 37 5B
02 02 02 02 02 02 02 02 02 02 02 02 02 02 37 5B
02 02 02 02 09 0B 02 02 09 0B 02 09 0B 02 37 5B
02 02 02 02 1B 1D 02 02 1B 1D 02 1B 1D 02 37 5B
02 02 02 02 02 02 02 02 02 02 02 02 02 02 37 5B
25 25 25 25 25 25 25 25 25 25 25 25 25 25 37 5B
37 37 37 37 37 37 37 37 37 37 37 37 37 37 37 5B
