# First-quest overworld screen x=7, y=1
screen 07 01
37 37 37 37 12 37 37 37 37 37 37 37 37 37 37 37
38 36 37 37 12 37 37 37 37 37 37 37 37 37 37 37
02 02 36 37 12 37 37 37 37 37 37 37 37 37 37 37
02 02 02 37 12 37 37 37 37 37 37 37 37 37 37 37
02 02 02 36 12 37 48 6D 6D 6D 6D 6D 6D 6D 6D 6D
02 02 02 02 02 02 5B 02 02 02 02 02 02 02 02 02
02 02 02 02 02 02 5B 02 02 02 02 02 02 02 02 02
02 02 02 02 02 02 5B 02 02 02 02 02 02 02 02 02
02 02 02 02 02 02 5B 02 02 02 02 02 02 02 02 02
25 25 25 25 25 25 5B 02 02 02 02 25 25 25 25 25
37 37 37 37 37 37 5B 02 02 02 02 37 37 37 37 37
