# First-quest overworld screen x=5, y=1
screen 05 01
37 37 37 37 37 37 37 37 37 37 37 37 37 37 37 37
37 37 37 37 37 37 37 37 38 36 37 37 37 37 37 37
37 37 37 37 37 37 37 37 02 02 36 38 02 02 36 38
37 37 37 37 37 37 37 37 02 02 02 02 02 02 02 02
37 37 37 37 37 37 37 38 02 02 02 02 02 02 02 02
02 36 38 02 02 36 38 02 02 02 02 02 02 02 02 02
02 02 02 02 02 02 02 02 02 02 02 02 02 02 02 02
02 02 02 02 02 02 02 02 02 02 02 02 02 02 02 02
02 24 26 02 02 24 26 02 02 02 24 26 02 02 24 26
25 37 37 12 25 37 37 25 26 24 37 37 25 12 37 37
37 37 37 12 37 37 37 37 37 37 37 37 37 12 37 37
