# First-quest overworld screen x=1, y=1
screen 01 01
37 37 37 37 37 37 37 12 37 37 37 37 37 37 37 37
37 37 37 37 37 37 37 12 37 37 37 37 37 37 37 37
02 02 02 02 02 02 02 02 02 02 02 02 02 02 36 37
05 02 02 03 05 02 02 02 02 02 02 02 01 02 02 37
17 02 02 15 17 02 02 02 02 02 01 02 02 02 02 37
02 02 02 02 02 02 02 02 01 02 02 02 01 02 02 37
02 02 03 05 02 02 02 02 02 02 01 02 02 02 02 37
02 02 15 17 02 02 02 02 02 02 02 02 01 02 02 37
02 02 02 02 02 02 02 02 02 02 02 02 02 02 24 37
25 25 25 25 25 25 25 25 25 25 25 25 25 25 37 37
37 37 37 37 37 37 37 37 37 37 37 37 37 37 37 37
