# First-quest overworld screen x=8, y=1
screen 08 01
37 37 37 37 37 37 37 37 37 37 37 37 37 37 37 37
37 37 37 37 37 37 37 37 37 37 37 37 37 37 37 37
37 37 37 37 37 37 37 37 37 37 37 37 37 37 37 37
37 37 37 37 37 37 37 37 37 37 37 37 37 37 37 37
6D 6D 6D 6D 6D 6D 6D 6D 6D 6D 6D 6D 6D 6D 6D 6D
02 02 02 02 02 02 02 02 02 02 02 02 02 02 02 02
02 02 02 02 02 02 02 02 02 02 02 02 02 02 02 02
02 02 02 02 02 02 02 02 25 25 25 25 25 25 25 25
02 02 02 02 02 02 02 02 37 37 37 37 37 37 37 37
25 25 25 25 25 25 25 25 37 37 37 37 37 37 37 37
37 37 37 37 37 37 37 37 37 37 37 37 37 37 37 37
