# First-quest overworld screen x=3, y=1
screen 03 01
37 37 37 37 37 37 37 37 37 37 12 37 37 37 37 37
37 37 37 37 37 37 37 37 37 37 12 37 37 37 37 37
02 02 02 36 37 37 37 37 37 37 12 37 37 37 38 02
05 02 02 02 36 37 37 37 37 37 12 37 37 38 02 02
17 02 02 02 02 36 37 37 37 37 12 37 38 02 02 02
02 02 02 02 02 02 02 02 02 02 02 02 02 02 02 02
02 02 02 02 02 02 02 02 02 02 02 02 02 02 02 02
02 02 02 02 02 02 02 02 02 02 02 02 02 02 02 02
02 02 02 02 02 02 02 02 02 02 02 02 02 02 02 02
25 25 25 25 25 25 25 25 25 25 25 25 25 25 25 25
37 37 37 37 37 37 37 37 37 37 37 37 37 37 37 37
