# First-quest overworld screen x=12, y=1
screen 12 01
37 37 37 37 37 12 37 37 37 37 37 37 37 37 37 37
37 37 37 37 37 12 37 37 37 37 37 37 37 37 37 37
37 38 02 02 02 02 02 02 02 02 02 02 02 02 02 02
37 02 02 02 02 02 02 02 02 02 02 02 02 02 02 02
38 02 02 02 02 02 02 14 02 14 02 14 02 14 02 02
02 02 02 02 02 02 02 02 02 02 02 02 02 02 02 02
26 02 02 02 02 02 02 14 02 14 02 14 02 14 02 02
37 02 02 02 02 02 02 02 02 02 02 02 02 02 02 02
37 26 02 02 02 02 02 02 02 02 02 02 02 02 02 02
37 37 25 12 25 25 25 25 25 25 25 25 25 25 25 25
37 37 37 12 37 37 37 37 37 37 37 37 37 37 37 37
