# First-quest overworld screen x=10, y=1
screen 10 01
37 37 37 37 37 37 82 37 37 37 37 37 37 12 37 37
37 37 37 37 37 37 82 37 37 37 37 37 37 12 37 37
37 37 37 37 37 37 82 37 37 37 37 37 37 12 37 37
37 37 37 37 37 37 82 37 37 37 37 37 37 12 37 37
6D 6D 6D 6D 6D 6D 40 37 37 37 37 37 37 12 37 37
02 02 02 02 02 02 02 02 02 02 02 02 02 02 02 02
02 02 02 02 02 02 02 02 02 02 02 02 02 02 02 25
25 25 25 25 25 25 25 02 02 02 02 02 02 02 02 37
37 37 37 37 37 37 37 02 02 02 02 02 02 02 02 37
37 37 37 37 37 37 37 25 25 25 25 25 25 25 25 37
37 37 37 37 37 37 37 37 37 37 37 37 37 37 37 37
