# First-quest overworld screen x=14, y=1
screen 14 01
37 37 37 37 37 12 37 37 37 37 37 37 37 37 37 37
37 37 37 37 37 12 37 37 37 37 37 37 37 37 37 37
37 37 37 37 37 12 37 37 37 38 02 02 02 02 02 02
37 37 37 37 37 12 37 37 37 02 02 02 02 02 02 02
02 02 02 02 02 02 02 37 37 02 02 02 02 02 02 02
02 02 02 02 02 02 02 02 02 02 02 02 02 02 02 02
49 49 49 49 49 49 49 25 25 02 02 02 02 02 02 02
5B 5B 5B 5B 5B 5B 5B 37 37 02 02 02 02 02 02 02
5B 5B 5B 5B 5B 5B 5B 37 37 02 02 02 02 02 02 02
5B 5B 5B 5B 5B 5B 5B 37 37 25 25 25 25 25 25 25
5B 5B 5B 5B 5B 5B 5B 37 37 37 37 37 37 37 37 37
