# First-quest overworld screen x=13, y=1
screen 13 01
37 37 37 37 37 37 37 37 37 37 37 37 37 12 37 37
37 37 37 37 37 37 37 37 37 37 37 37 37 12 37 37
02 02 02 02 36 37 37 37 37 37 37 37 37 12 37 37
02 02 02 02 02 37 37 37 37 37 38 36 37 12 37 37
02 02 02 02 02 37 37 37 37 37 02 02 02 02 02 02
02 02 02 01 02 37 38 02 02 02 02 02 02 02 02 02
02 02 02 02 02 37 02 02 02 48 49 49 49 49 49 49
02 02 02 02 02 37 02 02 02 5A 5B 5B 5B 5B 5B 5B
02 02 02 02 24 37 26 02 02 5A 5B 5B 5B 5B 5B 5B
25 25 12 25 37 37 37 02 02 5A 5B 5B 5B 5B 5B 5B
37 37 12 37 37 37 37 02 02 5A 5B 5B 5B 5B 5B 5B
