# First-quest overworld screen x=14, y=4
screen 14 04
19 19 19 19 19 19 19 19 19 19 19 19 19 19 19 19
19 19 19 19 19 19 19 19 19 19 19 19 19 19 19 19
19 19 02 02 02 02 02 02 02 02 02 02 02 02 19 19
19 02 02 02 02 02 02 02 02 02 02 02 02 02 02 19
02 02 02 02 02 1A 02 02 02 02 1A 02 02 02 02 19
02 02 02 02 02 02 02 02 02 02 02 02 02 02 02 19
02 02 02 02 02 02 02 02 02 02 02 02 02 02 02 19
19 02 02 02 02 02 02 02 02 02 02 02 02 02 02 19
19 19 02 02 02 02 02 02 02 02 02 02 02 02 19 19
19 19 19 19 19 19 19 19 19 19 19 19 19 19 19 19
19 19 19 19 19 19 19 19 19 19 19 19 19 19 19 19
