# First-quest overworld screen x=5, y=4
screen 05 04
5B 37 37 37 37 37 37 37 37 37 37 37 37 37 37 5B
5B 37 37 37 37 37 37 37 37 37 37 37 37 37 37 5B
5B 37 02 02 02 02 02 02 02 02 02 02 02 02 37 5B
5B 37 02 02 2D 2F 02 2D 1C 2F 02 2D 2F 02 37 5B
5B 37 02 02 3F 41 02 3F 16 41 02 3F 41 02 37 5B
5B 37 02 02 02 02 02 02 02 02 02 02 02 02 37 5B
5B 37 02 02 02 02 02 02 02 02 02 02 02 02 37 5B
5B 37 02 02 02 02 02 02 02 02 02 02 02 02 37 5B
5B 37 02 02 02 02 02 02 02 02 02 02 02 02 37 5B
5B 37 25 25 25 25 25 25 12 25 25 25 25 25 37 5B
5B 37 37 37 37 37 37 37 12 37 37 37 37 37 37 5B
