# First-quest overworld screen x=13, y=4
screen 13 04
19 02 19 02 19 02 19 02 02 19 02 19 02 19 02 19
19 02 19 02 19 02 19 02 02 19 02 19 02 19 02 19
19 02 02 02 02 02 02 02 02 02 02 02 02 02 02 19
19 02 02 02 02 02 19 02 02 02 02 19 02 02 02 19
02 02 19 02 19 02 02 02 02 19 02 02 02 19 02 02
02 02 02 02 02 02 19 02 02 02 02 19 02 02 02 02
02 02 19 02 19 02 02 02 02 19 02 02 02 19 02 02
19 02 02 02 02 02 19 02 02 02 02 19 02 02 02 19
19 02 02 02 02 02 02 02 02 02 02 02 02 02 02 19
19 19 19 02 19 19 19 19 19 19 19 19 02 19 19 19
19 19 19 02 19 19 19 19 19 19 19 19 02 19 19 19
