# First-quest overworld screen x=8, y=4
screen 08 04
61 61 61 61 61 61 62 02 02 19 19 19 19 19 19 19
61 61 61 61 61 61 62 02 02 19 19 19 19 19 19 19
61 61 61 61 61 61 62 02 02 02 02 02 02 19 19 19
61 61 61 61 61 61 62 02 02 02 02 02 02 19 19 19
73 73 73 73 73 73 74 02 02 02 02 02 02 19 19 19
02 02 02 02 02 02 02 02 02 02 02 02 02 19 19 19
02 02 02 02 02 02 02 02 02 02 02 02 02 19 19 19
19 19 19 02 02 02 02 02 02 02 02 02 02 19 19 19
19 19 19 02 02 02 02 02 02 02 02 02 02 19 19 19
19 19 19 19 19 19 19 02 02 19 19 19 19 19 19 19
19 19 19 19 19 19 19 02 02 19 19 19 19 19 19 19
