# First-quest overworld screen x=4, y=4
screen 04 04
37 37 37 37 37 37 37 37 02 5A 5B 5B 5B 5B 5B 5B
37 37 37 37 16 37 37 37 02 5A 5B 5B 5B 5B 5B 5B
37 38 02 02 02 02 02 02 02 60 61 61 61 61 5B 5B
37 02 02 02 02 02 02 02 02 60 61 61 61 61 5B 5B
37 02 02 19 02 19 02 02 02 60 61 61 61 61 5B 5B
37 02 02 02 02 02 02 02 02 60 61 61 61 61 5B 5B
37 02 02 19 02 19 02 02 02 60 61 61 61 61 5B 5B
37 02 02 02 02 02 02 02 02 60 61 61 61 61 5B 5B
37 26 02 02 02 02 02 02 02 60 61 61 61 61 5B 5B
37 37 25 25 25 25 25 02 02 5A 5B 5B 5B 5B 5B 5B
37 37 37 37 37 37 37 02 02 5A 5B 5B 5B 5B 5B 5B
