# First-quest overworld screen x=9, y=4
screen 09 04
19 19 19 19 19 19 19 02 02 19 19 19 19 19 19 19
19 19 19 19 19 19 19 02 02 19 19 19 19 19 19 19
19 19 02 02 02 19 19 02 02 19 19 19 19 19 19 19
19 19 02 02 02 19 19 02 02 19 19 19 19 19 19 19
19 19 02 02 02 02 02 02 02 02 02 02 02 02 02 02
19 19 02 07 02 02 02 02 02 02 02 02 02 02 02 02
19 19 02 02 02 02 02 02 02 02 02 02 02 02 02 02
19 19 02 02 02 19 19 02 02 19 19 19 19 19 19 19
19 19 02 02 02 19 19 02 02 19 19 19 19 19 19 19
19 19 19 19 19 19 19 02 02 19 19 19 19 19 19 19
19 19 19 19 19 19 19 02 02 19 19 19 19 19 19 19
