# First-quest overworld screen x=3, y=4
screen 03 04
37 37 37 37 37 37 37 37 37 37 37 37 37 37 37 37
37 37 37 37 37 37 37 37 37 37 37 37 37 37 37 37
37 38 02 02 02 02 02 02 02 02 02 02 02 02 36 37
37 02 02 02 02 4E 4F 4F 4F 4F 50 02 02 02 02 37
37 02 02 19 02 60 61 61 61 61 62 02 19 02 02 37
37 02 02 02 02 60 61 61 61 61 62 02 02 02 02 37
37 02 02 19 02 72 73 73 73 73 74 02 19 02 02 37
37 02 02 02 02 02 02 02 02 02 02 02 02 02 02 37
37 26 02 02 02 02 02 02 02 02 02 02 02 02 24 37
37 37 25 25 25 25 25 02 02 25 25 25 25 25 37 37
37 37 37 37 37 37 37 02 02 37 37 37 37 37 37 37
