# First-quest overworld screen x=6, y=4
screen 06 04
61 61 61 61 61 61 61 61 61 61 61 61 61 61 61 61
61 61 61 61 61 61 61 61 61 61 61 61 61 61 61 61
61 61 61 61 61 61 61 61 61 61 61 61 61 61 61 61
61 61 61 61 61 61 61 61 61 61 61 61 61 61 61 61
61 61 61 61 61 61 61 61 73 73 73 73 73 73 73 73
61 61 61 61 61 61 61 84 02 02 02 02 02 02 02 02
61 61 61 61 61 61 62 02 02 02 02 02 02 02 02 02
61 61 61 61 61 61 62 02 02 19 19 19 19 19 19 19
61 61 61 61 61 61 62 02 02 19 19 19 19 19 19 19
61 61 61 61 61 61 62 02 02 19 19 19 19 19 19 19
61 61 61 61 61 61 62 02 02 19 19 19 19 19 19 19
