# First-quest overworld screen x=2, y=4
screen 02 04
37 37 37 37 37 37 37 37 37 37 37 37 37 37 37 37
37 37 37 37 37 37 37 37 37 37 37 37 37 37 37 37
37 38 02 02 02 02 02 02 02 02 02 02 02 02 36 37
37 02 02 02 02 48 49 49 49 49 4A 02 02 02 02 37
37 02 02 13 02 5A 5B 5B 5B 5B 5C 02 13 02 02 37
37 02 02 02 02 5A 5B 5B 5B 5B 5C 02 02 02 02 37
37 02 02 13 02 6C 6D 6D 6D 6D 6E 02 13 02 02 37
37 02 02 02 02 02 02 02 02 02 02 02 02 02 02 37
37 26 02 02 02 02 02 02 02 02 02 02 02 02 24 37
37 37 25 25 25 25 25 02 02 25 25 25 25 25 37 37
37 37 37 37 37 37 37 02 02 37 37 37 37 37 37 37
