# First-quest overworld screen x=11, y=4
screen 11 04
19 19 19 19 19 19 19 19 19 19 19 19 02 02 19 19
19 19 19 19 19 19 19 19 19 19 19 19 02 02 19 19
19 02 02 02 02 02 02 02 02 02 19 19 02 02 19 19
19 02 02 02 02 02 19 02 02 02 19 19 02 02 19 19
02 02 02 02 02 02 02 02 19 02 19 19 02 02 19 19
02 02 19 02 02 02 19 02 02 02 19 19 02 02 19 19
02 02 02 02 02 02 02 02 19 02 19 19 02 02 19 19
19 02 02 02 02 02 19 02 02 02 19 19 02 02 19 19
19 02 02 02 02 02 02 02 02 02 19 19 02 02 19 19
19 02 19 02 02 02 19 02 19 02 19 19 02 02 19 19
19 02 19 02 02 02 19 02 19 02 19 19 02 02 19 19
