# First-quest overworld screen x=6, y=5
screen 06 05
61 61 61 61 61 61 62 02 02 19 19 19 19 19 19 19
61 61 61 61 61 61 62 02 02 19 19 19 19 19 19 19
61 61 61 61 61 61 62 02 02 02 02 02 02 02 02 02
61 61 61 61 61 61 62 02 02 02 02 02 02 02 02 02
73 73 73 73 73 73 74 02 02 02 19 02 19 19 02 02
02 02 02 02 02 02 02 02 02 02 02 02 02 02 02 02
2B 2B 2B 02 02 02 02 02 02 02 19 02 19 19 02 02
3D 3D 3D 02 02 02 02 02 02 02 02 02 02 02 02 02
3D 3D 3D 02 02 02 02 02 02 02 02 02 02 02 02 02
3D 3D 3D 19 19 19 19 19 19 19 19 19 19 19 19 19
3D 3D 3D 19 19 19 19 19 19 19 19 19 19 19 19 19
