# First-quest overworld screen x=1, y=5
screen 01 05
13 13 13 13 13 13 13 13 13 13 13 13 13 13 13 13
13 13 13 13 13 13 13 13 13 13 13 13 13 13 13 13
13 13 02 02 02 02 02 02 02 02 02 02 13 13 13 13
13 02 02 02 02 02 02 02 02 02 02 02 13 13 13 13
13 02 02 13 02 13 02 13 02 13 02 02 02 02 02 02
13 02 02 02 02 02 02 02 02 02 02 02 02 02 02 02
13 02 02 13 02 13 02 13 02 13 02 02 02 02 02 02
13 02 02 02 02 02 02 02 02 02 02 02 13 13 13 13
13 13 02 02 02 02 02 02 02 02 02 02 13 13 13 13
13 13 13 13 13 13 13 13 13 13 02 02 13 13 13 13
13 13 13 13 13 13 13 13 13 13 02 02 13 13 13 13
