# First-quest overworld screen x=4, y=5
screen 04 05
19 19 19 19 19 19 19 02 02 60 61 61 61 61 61 61
19 19 19 19 19 19 19 02 02 60 61 61 61 61 61 61
19 19 02 02 02 02 02 02 02 60 61 61 61 61 61 61
19 19 02 02 02 19 02 02 02 60 61 61 61 61 61 61
02 02 02 02 02 02 02 02 02 72 73 73 73 73 73 73
02 02 02 02 02 19 02 02 02 02 02 02 02 02 02 02
02 02 02 02 02 02 02 02 02 02 02 02 02 02 2B 2B
19 19 02 02 02 19 02 02 02 02 02 02 02 02 3D 3D
19 19 02 02 02 02 02 02 02 02 02 02 02 02 3D 3D
19 19 19 02 02 19 19 19 19 02 02 19 19 02 3D 3D
19 19 19 02 02 19 19 19 19 02 02 19 19 02 3D 3D
