# First-quest overworld screen x=2, y=5
screen 02 05
13 13 13 13 13 13 13 02 02 13 13 13 13 13 13 13
13 13 13 13 13 13 13 02 02 13 13 13 13 13 13 13
13 13 02 02 02 02 02 02 02 02 02 02 02 02 02 02
13 13 02 02 13 13 13 13 13 13 13 13 13 13 13 13
02 02 02 02 13 13 13 13 13 13 13 13 13 13 13 13
02 02 02 02 13 13 13 13 13 13 13 13 13 13 13 13
02 02 02 02 13 13 13 13 13 13 13 13 13 13 13 13
13 13 02 02 13 13 13 13 13 13 13 13 13 13 13 13
13 13 02 02 02 02 02 02 02 02 02 02 02 02 02 02
13 13 13 13 13 02 02 13 13 02 02 02 02 02 13 13
13 13 13 13 13 02 02 13 13 02 02 02 02 02 13 13
