# First-quest overworld screen x=13, y=5
screen 13 05
19 19 19 02 19 19 19 19 19 19 19 19 02 19 19 19
19 19 19 02 19 19 19 19 19 19 19 19 02 19 19 19
19 19 19 02 19 19 19 19 19 19 19 19 02 19 19 19
19 19 19 02 19 19 19 19 19 19 19 19 02 19 19 19
02 02 02 02 02 02 02 02 02 02 02 02 02 02 02 02
02 02 02 02 02 02 02 02 02 02 02 02 02 02 02 02
02 02 02 02 02 02 02 02 02 02 02 02 02 02 02 02
19 19 19 02 19 19 19 19 19 19 19 19 02 19 19 19
19 19 19 02 19 19 19 19 19 19 19 19 02 19 19 19
19 19 19 02 19 19 19 19 19 19 19 19 02 19 19 19
19 19 19 02 19 19 19 19 19 19 19 19 02 19 19 19
