# First-quest overworld screen x=10, y=5
screen 10 05
19 19 19 19 19 19 19 19 19 19 19 19 19 19 19 19
19 19 19 19 19 19 19 19 19 19 19 19 19 19 19 19
19 19 19 02 02 02 02 02 02 02 02 02 02 02 02 02
19 19 19 02 02 02 02 02 02 02 02 02 02 02 02 02
02 02 02 02 02 02 02 02 02 02 02 02 02 19 02 02
02 02 02 02 02 02 02 02 02 02 02 02 02 02 02 02
4F 4F 4F 4F 4F 4F 50 02 02 02 02 02 02 19 02 02
61 61 61 61 61 61 62 02 02 02 02 02 02 02 02 02
61 61 61 61 61 61 62 02 02 02 02 02 02 02 02 02
61 61 61 61 61 61 62 02 02 02 02 19 19 19 02 19
61 61 61 61 61 61 62 02 02 02 02 19 19 19 02 19
