# First-quest overworld screen x=12, y=5
screen 12 05
19 19 19 19 19 19 19 19 19 19 19 19 19 19 19 19
19 19 19 19 19 19 19 19 19 19 19 19 19 19 19 19
02 02 02 02 02 02 02 02 02 02 02 02 02 19 19 19
19 19 19 19 19 19 19 19 19 19 19 19 02 19 19 19
19 19 19 19 19 19 19 19 19 19 19 19 02 02 02 02
19 19 19 19 19 19 19 19 19 19 19 19 02 02 02 02
19 19 19 19 19 19 19 19 19 19 19 19 02 02 02 02
19 19 19 19 19 19 19 19 19 19 19 19 02 19 19 19
02 02 02 02 02 19 19 19 19 19 19 19 02 19 19 19
19 19 19 19 02 19 19 19 19 19 19 19 02 19 19 19
19 19 19 19 02 19 19 19 19 19 19 19 02 19 19 19
