# First-quest overworld screen x=7, y=5
screen 07 05
19 19 19 19 19 19 19 19 19 19 19 19 19 19 19 19
19 19 19 19 19 19 19 19 19 19 19 19 19 19 19 19
02 02 02 02 02 02 02 02 02 02 02 02 02 02 02 02
02 02 02 02 02 02 02 19 02 19 02 02 02 19 02 19
02 02 02 02 02 02 02 02 02 02 02 02 02 02 02 02
02 02 02 19 02 19 02 19 02 19 02 19 02 19 02 19
02 02 02 02 02 02 02 02 02 02 02 02 02 02 02 02
02 02 02 02 02 02 02 19 02 19 02 02 02 19 02 19
02 02 02 02 02 02 02 02 02 02 02 02 02 02 02 02
19 19 19 19 19 19 19 19 19 19 19 19 19 19 19 19
19 19 19 19 19 19 19 19 19 19 19 19 19 19 19 19
