# First-quest overworld screen x=8, y=5
screen 08 05
19 19 19 19 19 19 19 02 02 19 19 19 19 19 19 19
19 19 19 19 19 19 19 02 02 19 19 19 19 19 19 19
02 02 02 02 02 02 02 02 02 02 02 02 02 02 02 19
19 02 19 02 02 02 19 02 02 19 02 19 02 02 02 19
02 02 02 02 02 02 02 02 02 02 02 02 02 02 02 02
19 02 19 02 19 02 19 02 02 19 02 19 02 19 02 02
02 02 02 02 02 02 02 02 02 02 02 02 02 02 02 02
19 02 19 02 02 02 19 02 02 19 02 19 02 02 02 19
02 02 02 02 02 02 02 02 02 02 02 02 02 02 02 19
19 19 19 02 19 02 19 02 02 19 02 19 02 19 02 19
19 19 19 02 19 02 19 02 02 19 02 19 02 19 02 19
