# First-quest overworld screen x=5, y=5
screen 05 05
61 61 61 61 61 61 61 61 61 61 61 61 61 61 61 61
61 61 61 61 61 61 61 61 61 61 61 61 61 61 61 61
61 61 61 61 61 61 61 61 61 61 61 61 61 61 61 61
61 61 61 61 61 61 61 61 61 61 61 61 61 61 61 61
73 73 73 73 61 61 61 61 89 73 73 73 73 73 73 73
02 02 02 02 85 61 61 84 02 02 02 02 02 02 02 02
2B 2B 02 02 02 61 61 02 02 02 02 02 02 02 2B 2B
3D 3D 02 02 02 61 61 02 02 02 02 02 02 02 3D 3D
3D 3D 02 02 02 61 61 02 02 02 02 02 02 02 3D 3D
3D 3D 02 02 02 61 61 02 02 02 2B 02 2B 02 3D 3D
3D 3D 02 02 02 61 61 02 02 02 3D 02 3D 02 3D 3D
