# First-quest overworld screen x=9, y=5
screen 09 05
19 19 19 19 19 19 19 02 02 19 19 19 19 19 19 19
19 19 19 19 19 19 19 02 02 19 19 19 19 19 19 19
19 19 19 19 19 19 19 02 02 19 19 19 19 19 19 19
19 19 19 19 19 19 19 02 02 19 19 19 19 19 19 19
02 02 02 02 02 02 02 02 02 02 02 02 02 02 02 02
02 02 02 02 02 02 02 02 02 02 02 02 02 02 02 02
02 02 02 02 02 02 02 02 02 4E 4F 4F 4F 4F 4F 4F
19 19 19 19 19 19 19 02 02 60 61 61 61 61 61 61
19 19 19 19 19 19 19 02 02 60 61 61 61 61 61 61
19 19 19 19 19 19 19 02 02 60 61 61 61 61 61 61
19 19 19 19 19 19 19 02 02 60 61 61 61 61 61 61
