# First-quest overworld screen x=11, y=5
screen 11 05
19 02 19 02 02 02 19 02 19 02 19 19 02 02 19 19
19 02 19 02 02 02 19 02 19 02 19 19 02 02 19 19
02 02 02 02 02 02 02 02 02 02 02 02 02 02 02 02
02 02 02 02 02 02 02 02 02 02 19 02 02 02 02 19
02 02 19 02 02 02 19 02 19 02 02 02 02 02 02 19
02 02 02 02 02 02 02 02 02 02 19 02 02 02 02 19
02 02 19 02 02 02 19 02 19 02 02 02 02 02 02 19
02 02 02 02 02 02 02 02 02 02 19 02 02 02 02 19
02 02 02 02 02 02 02 02 02 02 02 02 02 02 02 02
19 02 19 02 02 02 19 02 19 02 19 19 02 19 19 19
19 02 19 02 02 02 19 02 19 02 19 19 02 19 19 19
