# First-quest overworld screen x=3, y=5
screen 03 05
13 13 13 13 13 13 13 02 02 13 13 13 13 13 13 13
13 13 13 13 13 13 13 02 02 13 13 13 13 13 13 13
02 02 02 02 02 02 02 02 02 02 02 02 02 02 13 13
13 13 02 02 02 02 02 02 02 02 02 02 02 02 02 13
13 13 02 02 02 02 19 02 02 02 02 02 02 02 02 02
13 13 02 02 02 02 02 02 02 02 19 02 02 02 02 02
13 13 02 02 02 02 19 02 02 02 02 02 02 02 02 02
13 13 02 02 02 02 02 02 02 02 02 02 02 02 02 13
02 02 02 02 02 02 02 02 02 02 02 02 02 02 13 13
13 13 13 13 02 02 13 02 02 02 13 02 13 02 13 13
13 13 13 13 02 02 13 02 02 02 13 02 13 02 13 13
