# First-quest overworld screen x=13, y=6
screen 13 06
19 19 19 02 19 19 19 19 19 19 19 19 02 19 19 19
19 19 19 02 19 19 19 19 19 19 19 19 02 19 19 19
02 02 02 02 02 02 02 02 02 02 19 02 02 19 19 19
19 19 02 02 19 19 19 19 19 19 19 19 02 19 19 19
19 19 02 02 19 19 19 19 19 19 19 19 02 02 02 02
19 19 02 02 19 19 19 19 19 19 19 19 02 02 02 02
19 19 02 02 19 19 19 19 19 19 19 19 02 02 02 02
19 19 02 02 19 19 19 19 19 19 19 19 19 19 19 19
02 02 02 02 19 19 19 19 19 19 19 19 19 19 19 19
19 19 19 19 19 19 19 19 19 19 19 19 19 19 19 19
19 19 19 19 19 19 19 19 19 19 19 19 19 19 19 19
