# First-quest overworld screen x=10, y=6
screen 10 06
61 61 61 61 61 61 62 02 02 02 02 19 19 19 02 19
61 61 61 61 61 61 62 02 02 02 02 19 19 19 02 19
61 61 61 61 61 61 62 02 02 02 02 02 02 02 02 02
61 61 61 61 61 61 62 02 02 02 02 02 02 02 02 02
73 73 73 73 73 73 74 02 02 02 02 02 19 02 02 02
02 02 02 02 02 02 02 02 02 02 02 02 02 02 02 02
02 02 02 02 02 02 02 02 02 02 02 02 19 02 02 02
02 02 02 02 02 02 02 02 02 02 02 02 02 02 02 02
02 02 02 02 02 02 02 02 02 02 02 02 02 02 02 02
19 19 19 19 19 19 19 19 19 19 19 19 19 19 19 19
19 19 19 19 19 19 19 19 19 19 19 19 19 19 19 19
