# First-quest overworld screen x=3, y=6
screen 03 06
13 13 13 13 02 02 13 02 02 02 13 02 13 02 13 13
13 13 13 13 02 02 13 02 02 02 13 02 13 02 13 13
13 13 02 02 02 02 02 02 02 02 02 02 02 02 13 13
02 02 02 13 02 02 02 02 02 02 13 02 02 02 02 13
02 02 02 02 02 02 13 02 02 02 02 02 02 02 02 02
02 02 02 13 02 02 02 02 02 02 13 02 13 02 02 02
02 02 02 02 02 02 13 02 02 02 02 02 02 02 02 02
02 02 02 13 02 02 02 02 02 02 13 02 02 02 02 13
13 13 02 02 02 02 02 02 02 02 02 02 02 02 13 13
13 13 13 13 13 13 13 02 02 02 13 02 13 02 13 13
13 13 13 13 13 13 13 02 02 02 13 02 13 02 13 13
