# First-quest overworld screen x=0, y=6
screen 00 06
13 13 02 02 02 02 02 02 02 02 02 02 02 02 13 13
13 13 02 02 02 02 02 02 02 02 02 02 02 02 13 13
13 13 02 02 02 02 02 02 02 02 02 02 02 02 13 13
13 13 02 02 02 02 02 02 02 02 02 02 02 02 02 13
13 13 02 02 02 02 02 02 02 02 02 02 02 02 02 02
13 13 02 02 02 02 02 02 02 02 02 02 02 02 02 02
13 13 02 02 02 02 02 02 02 02 02 02 02 02 02 02
13 13 02 02 02 02 02 02 02 02 02 02 02 02 02 13
13 13 02 02 02 02 02 02 02 02 02 02 02 02 13 13
13 13 13 13 13 13 13 13 13 13 13 13 13 13 13 13
13 13 13 13 13 13 13 13 13 13 13 13 13 13 13 13
