# First-quest overworld screen x=8, y=6
screen 08 06
3D 3D 19 02 19 02 19 02 02 19 02 19 02 19 02 19
3D 3D 19 02 19 02 19 02 02 19 02 19 02 19 02 19
3D 3E 02 02 02 02 02 02 02 02 02 02 02 02 02 19
3E 02 02 02 19 02 02 02 02 19 02 02 02 19 02 19
02 02 19 02 02 02 02 02 02 02 02 02 02 02 02 02
02 02 02 02 19 02 19 02 02 19 02 19 02 19 02 02
02 02 19 02 02 02 02 02 02 02 02 02 02 02 02 02
2C 02 02 02 19 02 02 02 02 19 02 02 02 19 02 19
3D 2C 02 02 02 02 02 02 02 02 02 02 02 02 02 19
3D 3D 19 02 19 02 19 02 02 19 02 19 02 19 02 19
3D 3D 19 02 19 02 19 02 02 19 02 19 02 19 02 19
