# First-quest overworld screen x=2, y=6
screen 02 06
13 13 13 13 13 02 02 13 13 02 02 02 02 02 13 13
13 13 13 13 13 02 02 13 13 02 02 02 02 02 13 13
13 13 13 13 13 02 02 02 13 02 02 02 02 02 13 13
13 13 13 13 13 02 02 02 13 02 02 02 02 02 02 02
02 02 02 02 02 02 02 02 13 02 02 02 02 02 02 02
02 02 02 02 02 02 02 02 13 02 02 02 02 02 02 02
02 02 02 02 02 02 02 02 13 02 02 02 02 02 02 02
13 13 13 13 13 13 02 02 13 13 13 13 13 13 02 02
13 13 13 13 13 13 02 02 13 13 13 13 13 13 13 13
13 13 13 13 13 13 02 02 13 13 13 13 13 13 13 13
13 13 13 13 13 13 02 02 13 13 13 13 13 13 13 13
