# First-quest overworld screen x=9, y=6
screen 09 06
19 19 19 19 19 19 19 02 02 60 61 61 61 61 61 61
19 19 19 19 19 19 19 02 02 60 61 61 61 61 61 61
19 19 02 02 02 02 02 02 02 60 61 61 61 61 61 61
19 02 02 02 02 19 02 02 02 60 61 61 61 61 61 61
02 02 19 02 02 02 02 02 02 72 73 73 73 73 73 73
02 02 02 02 02 19 02 02 02 02 02 02 02 02 02 02
02 02 19 02 02 02 02 02 02 02 02 02 02 02 02 02
19 02 02 02 02 19 02 02 02 02 02 02 02 02 02 02
19 19 02 02 02 02 02 02 02 02 02 02 02 02 02 02
19 19 19 19 19 19 19 19 19 19 19 19 19 19 19 19
19 19 19 19 19 19 19 19 19 19 19 19 19 19 19 19
