# First-quest overworld screen x=14, y=6
screen 14 06
19 19 19 19 19 19 19 19 19 19 19 19 19 19 19 19
19 19 19 19 19 19 19 19 19 19 19 19 19 19 19 19
19 19 02 02 02 02 02 02 02 02 02 02 02 02 02 02
19 02 02 19 19 19 02 02 02 02 02 02 02 02 02 02
02 02 02 02 02 02 02 02 02 02 19 19 19 19 02 02
02 02 02 19 19 19 02 19 19 02 02 02 02 02 02 02
02 02 02 02 02 02 02 02 02 02 19 19 19 19 02 02
19 02 02 19 19 19 02 02 02 02 02 02 02 02 02 02
19 19 02 02 02 02 02 02 02 02 02 02 02 02 02 02
19 19 19 19 19 19 19 19 19 19 19 19 19 19 19 19
19 19 19 19 19 19 19 19 19 19 19 19 19 19 19 19
