# First-quest overworld screen x=11, y=6
screen 11 06
19 02 19 02 02 02 19 02 19 02 19 19 02 19 19 19
19 02 19 02 02 02 19 02 19 02 19 19 02 19 19 19
02 02 02 02 02 02 02 02 02 02 02 02 02 02 19 19
02 02 02 02 02 02 02 02 02 02 19 02 02 02 02 19
02 02 19 02 02 02 19 02 19 02 02 02 02 02 02 02
02 02 02 02 02 02 02 02 02 02 19 02 02 02 02 02
02 02 19 02 02 02 19 02 19 02 02 02 02 02 02 02
02 02 02 02 02 02 02 02 02 02 19 02 02 02 02 19
02 02 02 02 02 02 02 02 02 02 02 02 02 02 19 19
19 19 19 19 19 19 19 19 19 19 19 02 02 02 19 19
19 19 19 19 19 19 19 19 19 19 19 02 02 02 19 19
