# First-quest overworld screen x=1, y=6
screen 01 06
13 13 13 13 13 13 13 13 13 13 02 02 13 13 13 13
13 13 13 13 13 13 13 13 13 13 02 02 13 13 13 13
13 13 13 13 13 13 13 13 13 13 02 02 13 13 13 13
13 13 13 13 13 13 13 13 13 13 02 02 13 13 13 13
02 02 02 02 02 02 02 02 02 02 02 02 02 02 02 02
02 02 02 02 02 02 02 02 02 02 02 02 02 02 02 02
02 02 02 02 02 02 02 02 02 02 02 02 02 02 02 02
13 13 13 13 13 13 13 13 13 13 02 02 13 13 13 13
13 13 13 13 13 13 13 13 13 13 02 02 13 13 13 13
13 13 13 13 13 13 13 13 13 13 02 02 13 13 13 13
13 13 13 13 13 13 13 13 13 13 02 02 13 13 13 13
