# First-quest overworld screen x=1, y=0
screen 01 00
37 37 37 37 37 37 37 37 37 37 37 37 37 37 37 37
37 37 37 37 37 37 37 37 37 37 38 36 38 36 37 37
37 37 36 37 37 37 37 37 37 02 02 02 02 02 37 37
37 38 02 37 37 37 37 37 37 02 02 02 02 02 36 37
37 02 02 36 38 36 37 37 38 02 02 02 02 02 02 36
02 02 02 02 02 02 02 02 02 02 02 02 02 02 02 02
25 02 02 02 02 02 02 02 02 02 02 02 02 02 02 24
37 26 02 02 02 02 02 02 02 02 02 02 02 02 24 37
37 37 02 02 02 02 02 02 02 02 02 02 02 02 37 37
37 37 25 25 25 25 25 12 25 25 25 25 26 24 37 37
37 37 37 37 37 37 37 12 37 37 37 37 37 37 37 37
