# First-quest overworld screen x=0, y=0
screen 00 00
37 37 37 37 37 37 37 37 37 37 37 37 37 37 37 37
37 37 37 37 37 37 37 37 37 37 37 37 37 37 37 37
37 37 37 37 37 37 37 37 37 37 37 37 37 37 37 37
37 37 37 37 37 37 37 37 37 37 37 37 37 37 37 37
37 37 37 37 37 37 37 37 37 37 37 37 37 37 37 37
37 37 37 37 37 37 37 02 02 02 02 02 02 02 02 02
37 37 37 37 37 37 37 12 25 25 25 25 25 25 25 25
37 37 37 37 37 37 37 12 37 37 37 37 37 37 37 37
37 37 37 37 37 37 37 12 37 37 37 37 37 37 37 37
37 37 37 37 37 37 37 12 37 37 37 37 37 37 37 37
37 37 37 37 37 37 37 12 37 37 37 37 37 37 37 37
