# First-quest overworld screen x=11, y=0
screen 11 00
37 37 37 37 37 37 37 37 37 37 37 37 37 37 37 37
37 37 37 37 37 37 37 37 37 37 37 37 38 36 37 37
37 37 38 02 02 02 02 02 02 02 02 02 02 02 36 37
37 38 02 02 02 02 27 28 29 02 02 02 02 02 02 37
37 02 02 14 02 14 39 16 3B 14 02 14 02 02 02 37
37 02 02 02 02 02 02 02 02 02 02 02 02 02 02 37
37 02 02 14 02 14 02 02 02 14 02 14 02 02 02 37
37 26 02 02 02 02 02 02 02 02 02 02 02 02 02 37
37 37 26 02 02 02 02 02 02 02 02 02 02 02 24 37
37 37 37 25 25 25 25 12 25 25 25 25 25 25 37 37
37 37 37 37 37 37 37 12 37 37 37 37 37 37 37 37
