# First-quest overworld screen x=3, y=0
screen 03 00
37 37 37 37 37 37 37 37 37 37 37 37 37 37 37 37
37 38 36 37 37 37 37 37 37 37 37 37 37 37 37 37
37 02 02 36 37 37 37 37 37 37 37 37 37 37 37 37
37 02 02 02 36 37 37 37 37 37 37 37 37 37 37 37
38 02 02 02 02 36 37 37 37 37 37 37 37 37 37 37
02 02 02 02 02 02 02 02 02 02 02 37 37 37 37 37
02 02 02 02 02 24 25 25 25 25 12 37 37 37 37 37
02 02 02 02 24 37 37 37 37 37 12 37 37 37 37 37
02 02 02 24 37 37 37 37 37 37 12 37 37 37 37 37
25 25 25 37 37 37 37 37 37 37 12 37 37 37 37 37
37 37 37 37 37 37 37 37 37 37 12 37 37 37 37 37
