# First-quest overworld screen x=15, y=0
screen 15 00
5B 37 37 37 37 37 37 37 37 37 37 37 37 37 37 5B
5B 37 37 37 37 37 37 37 37 37 37 37 37 37 37 5B
5B 37 02 02 02 02 02 02 02 02 02 02 02 02 37 5B
5B 37 02 02 27 29 02 27 8E 29 02 27 29 02 37 5B
5B 37 02 02 39 3B 02 39 16 3B 02 39 3B 02 37 5B
5B 37 02 02 02 02 02 02 02 02 02 02 02 02 37 5B
5B 37 02 02 02 02 02 02 02 02 02 02 02 02 37 5B
5B 37 02 02 02 02 02 02 02 02 02 02 02 02 37 5B
5B 37 02 02 02 02 02 02 02 02 02 02 02 02 37 5B
5B 37 25 25 25 25 25 25 12 25 25 25 25 25 37 5B
5B 37 37 37 37 37 37 37 12 37 37 37 37 37 37 5B
