# First-quest overworld screen x=9, y=0
screen 09 00
37 37 37 37 37 37 37 37 37 37 37 37 37 37 37 37
37 37 37 37 37 37 37 37 37 37 37 37 37 37 37 37
37 38 36 38 02 02 02 02 02 02 02 02 02 36 37 37
37 02 02 02 02 02 01 02 02 02 02 02 02 02 36 37
38 02 02 02 02 01 02 02 02 02 02 02 02 02 02 37
02 02 02 02 01 02 01 02 01 02 01 02 01 02 02 37
26 02 02 02 02 01 02 02 02 02 02 02 02 02 02 37
37 02 02 02 02 02 01 02 02 02 02 02 02 02 24 37
37 26 24 26 02 02 02 02 02 02 02 02 02 24 37 37
37 37 37 37 25 25 25 25 25 25 25 25 25 37 37 37
37 37 37 37 37 37 37 37 37 37 37 37 37 37 37 37
