# First-quest overworld screen x=7, y=0
screen 07 00
37 37 37 37 37 37 37 37 37 37 37 37 37 37 37 37
37 37 37 37 37 37 37 37 37 37 37 37 37 37 37 37
37 37 37 37 37 37 37 37 37 37 37 37 37 37 37 37
37 37 37 37 37 37 37 38 36 37 37 37 37 37 37 37
37 37 37 37 37 37 38 02 02 36 37 37 38 36 37 37
02 02 02 02 02 02 02 02 02 02 02 02 02 02 02 02
25 25 25 25 12 25 26 02 02 24 25 25 26 24 25 25
37 37 37 37 12 37 37 26 24 37 37 37 37 37 37 37
37 37 37 37 12 37 37 37 37 37 37 37 37 37 37 37
37 37 37 37 12 37 37 37 37 37 37 37 37 37 37 37
37 37 37 37 12 37 37 37 37 37 37 37 37 37 37 37
