# First-quest overworld screen x=10, y=0
screen 10 00
37 37 37 37 37 37 37 37 37 37 37 37 37 37 37 37
37 37 16 37 37 37 37 37 37 37 37 37 37 37 37 37
37 38 02 02 02 02 02 02 02 02 02 02 02 02 36 37
37 02 02 48 49 49 49 49 49 49 49 4A 02 02 02 37
37 02 02 5A 5B 5B 5B 5B 5B 5B 5B 5C 02 02 02 37
37 02 02 5A 5B 5B 5B 5B 5B 5B 5B 5C 02 02 02 37
37 02 02 6C 6D 5B 5B 5B 6D 6D 6D 6E 02 02 02 37
37 02 02 02 02 7F 5B 7E 02 02 02 02 02 02 02 37
37 26 02 02 02 02 5B 02 02 02 02 02 02 02 24 37
37 37 25 25 25 25 5B 25 25 25 25 25 25 12 37 37
37 37 37 37 37 37 5B 37 37 37 37 37 37 12 37 37
