# First-quest overworld screen x=5, y=0
screen 05 00
37 37 37 37 37 37 37 37 37 37 37 37 37 37 37 37
37 37 37 37 37 37 37 37 37 37 37 37 37 37 37 37
38 36 38 02 02 02 02 02 02 02 02 02 02 02 36 37
02 02 02 02 24 26 02 02 02 02 24 26 02 02 02 37
02 02 02 24 37 37 26 02 02 24 37 37 26 02 02 36
02 02 02 37 37 37 37 02 02 37 37 37 37 02 02 02
02 02 02 36 37 37 38 02 02 36 37 37 38 02 02 24
02 02 02 02 02 02 02 02 02 02 02 02 02 02 02 37
26 24 26 02 02 02 02 02 02 02 02 02 02 02 24 37
37 37 37 25 25 25 25 25 25 25 25 25 25 25 37 37
37 37 37 37 37 37 37 37 37 37 37 37 37 37 37 37
