# First-quest overworld screen x=12, y=0
screen 12 00
37 37 37 37 37 37 37 37 37 37 37 37 37 37 37 37
37 37 37 37 37 37 37 37 16 37 38 36 37 37 37 37
37 37 37 37 37 37 37 38 02 02 02 02 37 37 38 02
37 37 37 37 37 37 37 02 02 02 02 02 36 38 02 02
37 37 37 37 37 37 38 02 02 02 02 02 02 02 02 02
37 37 37 37 37 02 02 02 02 02 02 02 02 02 02 02
37 37 37 37 37 12 26 02 02 02 02 02 02 02 02 02
37 37 37 37 37 12 37 02 02 02 02 02 24 26 02 02
37 37 37 37 37 12 37 26 02 02 02 02 37 37 26 02
37 37 37 37 37 12 37 37 25 25 26 24 37 37 37 25
37 37 37 37 37 12 37 37 37 37 37 37 37 37 37 37
