# First-quest overworld screen x=6, y=2
screen 06 02
37 37 37 37 37 37 37 37 37 37 37 37 37 37 37 37
37 37 37 37 37 37 37 37 37 37 37 37 37 37 37 37
37 38 02 02 02 36 37 37 38 02 37 37 37 37 37 37
37 02 02 02 02 02 36 38 02 02 36 37 38 36 37 38
37 02 02 02 02 02 02 02 02 02 02 02 02 02 02 02
37 02 02 02 02 02 02 02 02 02 02 02 02 02 02 02
37 02 02 02 02 02 02 02 02 48 49 49 49 49 49 49
37 02 02 02 02 02 24 26 02 5A 5B 5B 5B 5B 5B 5B
37 26 02 02 02 24 37 37 26 5A 5B 5B 5B 5B 5B 5B
37 37 02 02 25 37 37 37 37 5A 5B 5B 5B 5B 5B 5B
37 37 02 02 37 37 37 37 37 5A 5B 5B 5B 5B 5B 5B
