# First-quest overworld screen x=3, y=2
screen 03 02
37 37 37 37 37 37 37 37 37 37 37 37 37 37 37 37
37 37 37 37 37 37 37 37 37 37 37 37 37 37 37 37
37 38 02 02 02 02 02 36 37 37 38 02 02 02 02 02
37 02 02 02 02 02 02 02 37 37 02 02 02 02 02 02
37 02 02 02 01 02 02 02 37 37 02 02 02 02 02 02
37 02 02 01 02 01 02 02 37 37 02 02 02 02 02 02
37 02 02 02 01 02 02 02 37 37 02 02 02 02 02 02
37 02 02 02 02 02 02 02 37 37 02 02 02 02 02 02
37 26 02 02 02 02 02 24 37 37 26 02 02 02 02 02
37 37 25 25 25 25 12 37 37 37 37 25 25 12 25 25
37 37 37 37 37 37 12 37 37 37 37 37 37 12 37 37
