# First-quest overworld screen x=8, y=2
screen 08 02
13 13 13 13 13 13 13 13 13 13 13 13 13 13 13 13
13 13 13 13 13 13 13 13 13 13 13 13 13 13 13 13
02 02 02 02 02 02 02 02 02 02 02 02 02 02 13 02
02 02 02 02 02 02 02 02 02 02 02 19 02 02 02 02
02 02 02 02 02 02 02 02 02 02 02 02 02 19 02 02
02 02 02 02 02 02 02 02 02 02 02 19 02 02 02 02
49 49 4F 4F 4F 4F 50 02 02 02 02 02 02 19 02 02
5B 5B 61 61 61 61 62 02 02 02 02 19 02 02 02 02
5B 5B 61 61 61 61 62 02 02 02 02 02 02 02 13 02
5B 5B 5B 5B 5B 5B 5C 02 02 13 13 13 13 13 13 13
5B 5B 5B 5B 5B 5B 5C 02 02 13 13 13 13 13 13 13
