# First-quest overworld screen x=5, y=2
screen 05 02
37 37 37 12 37 37 37 37 37 37 37 37 37 12 37 37
37 37 37 12 37 37 38 36 37 37 16 37 37 12 37 37
02 02 02 02 02 02 02 02 02 02 02 02 02 02 36 37
02 02 02 02 02 02 02 02 02 02 02 02 02 02 02 37
02 02 14 02 02 14 02 02 14 02 02 14 02 02 02 37
02 02 02 02 02 02 02 02 02 02 02 02 02 02 02 37
02 02 14 02 02 14 02 02 14 02 02 14 02 02 02 37
02 02 02 02 02 02 02 02 02 02 02 02 02 02 02 37
02 02 02 02 02 02 02 02 02 02 02 02 02 02 24 37
25 25 25 25 12 25 26 24 25 25 25 25 25 25 37 37
37 37 37 37 12 37 37 37 37 37 37 37 37 37 37 37
