# First-quest overworld screen x=12, y=2
screen 12 02
37 37 37 12 37 37 37 37 37 37 37 37 37 37 37 37
37 37 37 12 37 37 37 37 37 37 37 37 37 37 37 37
02 02 02 02 02 02 02 02 02 02 02 02 37 37 37 37
02 02 02 02 02 02 24 37 37 26 02 02 37 37 37 37
02 02 02 02 02 24 37 37 37 37 26 02 36 37 37 37
02 02 02 02 02 37 37 37 37 37 37 02 02 02 02 02
02 02 02 02 02 36 37 37 37 37 38 02 02 02 02 02
02 02 02 02 02 02 02 02 02 02 02 02 02 02 02 02
02 02 02 02 02 02 02 02 02 02 02 02 02 02 02 02
25 25 25 25 25 25 25 25 25 25 25 25 25 25 25 25
37 37 37 37 37 37 37 37 37 37 37 37 37 37 37 37
