# First-quest overworld screen x=4, y=2
screen 04 02
37 37 37 37 37 37 37 37 37 37 12 37 37 37 37 37
37 37 37 37 37 37 38 36 37 37 12 37 38 36 37 37
02 02 02 36 38 02 02 02 02 02 02 02 02 02 02 02
02 02 02 02 02 02 02 02 02 02 02 02 02 02 02 02
02 02 14 02 02 14 02 02 14 02 02 14 02 02 14 02
02 02 02 02 02 02 02 02 02 02 02 02 02 02 02 02
02 02 14 02 02 14 02 02 14 02 02 14 02 02 14 02
02 02 02 02 02 02 02 02 02 02 02 02 02 02 02 02
02 02 02 24 26 02 02 02 02 02 02 02 02 02 02 02
25 25 25 37 37 25 26 24 25 25 25 25 26 24 25 25
37 37 37 37 37 37 37 37 37 37 37 37 37 37 37 37
