# First-quest overworld screen x=13, y=2
screen 13 02
37 37 12 37 37 37 37 02 02 5A 5B 5B 5B 5B 5B 5B
37 37 12 37 37 37 38 02 02 5A 5B 5B 5B 5B 5B 5B
37 37 12 37 02 02 02 02 02 5A 5B 5B 5B 5B 5B 5B
37 37 12 37 02 02 02 02 02 5A 5B 5B 5B 5B 5B 5B
37 37 12 38 02 02 02 02 02 6C 6D 6D 6D 6D 6D 6D
02 02 02 02 02 02 02 02 02 02 02 02 02 02 02 02
02 02 02 02 02 02 02 02 02 02 02 02 02 02 02 02
02 02 02 02 02 02 02 02 02 02 02 02 02 02 02 02
02 02 02 02 02 02 02 02 02 02 02 02 02 02 02 02
25 25 25 25 25 25 26 02 02 25 25 25 25 25 25 25
37 37 37 37 37 37 37 02 02 37 37 37 37 37 37 37
