# First-quest overworld screen x=9, y=7
screen 09 07
37 37 37 37 37 37 37 37 37 37 37 37 37 37 37 37
36 37 37 37 37 37 38 36 37 37 37 37 37 37 37 37
02 36 37 37 37 37 02 02 02 02 02 02 36 37 37 37
02 02 36 37 37 37 02 02 02 02 02 02 02 37 37 37
02 02 02 36 37 37 02 02 02 01 02 02 02 36 37 37
02 02 02 02 36 38 02 02 01 02 01 02 02 02 02 02
02 02 02 02 02 02 02 02 02 01 02 02 02 24 25 25
02 02 02 02 02 02 02 02 02 02 02 02 02 37 37 37
02 02 02 02 24 26 02 02 02 02 02 02 24 37 37 37
24 25 25 25 37 37 26 24 25 25 25 25 37 37 37 37
37 37 37 37 37 37 37 37 37 37 37 37 37 37 37 37
