# First-quest overworld screen x=1, y=7
screen 01 07
37 37 37 37 37 37 37 37 37 37 02 02 37 37 37 37
37 37 37 38 36 37 37 37 37 38 02 02 36 37 37 37
02 02 02 02 02 02 02 02 02 02 02 02 02 36 37 37
02 02 02 02 02 02 02 02 02 02 02 02 02 02 36 38
02 02 02 02 02 02 02 02 02 02 02 02 02 02 02 02
02 02 02 02 02 02 02 02 02 02 02 02 02 02 02 02
02 02 02 02 02 02 02 02 02 02 02 02 02 02 02 02
02 02 02 02 02 02 02 02 02 02 02 02 02 02 24 26
02 02 02 02 02 02 02 02 02 02 02 02 02 24 37 37
25 25 25 25 25 25 25 25 25 25 25 25 25 37 37 37
37 37 37 37 37 37 37 37 37 37 37 37 37 37 37 37
