# First-quest overworld screen x=3, y=7
screen 03 07
13 13 13 13 13 13 13 02 02 02 13 02 13 02 13 13
13 13 13 13 13 13 13 02 02 02 13 02 13 02 13 13
02 02 02 02 02 02 02 02 02 02 02 02 02 02 13 13
13 13 13 13 13 13 13 02 02 02 02 02 02 02 02 13
13 13 13 13 13 13 13 02 02 02 02 02 02 02 02 02
13 13 13 13 13 13 13 02 02 02 13 02 02 02 02 02
13 13 13 13 13 13 13 02 02 02 02 02 02 02 02 02
13 13 13 13 13 13 13 02 02 02 02 02 02 02 02 13
02 02 02 02 02 02 02 02 02 02 02 02 02 02 13 13
13 13 13 13 13 13 13 13 13 13 13 13 13 13 13 13
13 13 13 13 13 13 13 13 13 13 13 13 13 13 13 13
