# First-quest overworld screen x=10, y=7
screen 10 07
37 37 37 37 37 37 37 37 37 37 37 37 37 37 37 37
37 37 37 37 37 37 37 38 36 37 37 37 37 37 37 37
37 37 37 37 38 36 38 02 02 36 37 37 37 37 37 37
37 37 37 38 02 02 02 02 02 02 37 37 37 37 37 37
38 36 38 02 02 02 02 02 02 02 36 38 36 38 36 37
02 02 02 02 02 02 02 02 02 02 02 02 02 02 02 02
26 24 26 02 02 02 02 02 02 02 24 26 24 26 24 25
37 37 37 26 02 02 02 02 02 02 37 37 37 37 37 37
37 37 37 37 26 24 26 02 02 24 37 37 37 37 37 37
37 37 37 37 37 37 37 26 24 37 37 37 37 37 37 37
37 37 37 37 37 37 37 37 37 37 37 37 37 37 37 37
