# First-quest overworld screen x=8, y=7
screen 08 07
3D 3D 19 02 19 02 19 02 02 19 02 19 02 19 02 19
3D 3D 19 02 19 02 19 02 02 19 02 19 02 19 02 19
3D 3D 02 02 02 02 02 02 02 02 02 02 02 02 02 02
3D 3E 02 02 02 02 19 02 02 19 02 19 02 19 02 02
3E 02 19 02 19 02 02 02 02 02 02 02 02 02 02 02
02 02 02 02 02 02 19 02 02 19 02 19 02 19 02 02
2C 02 19 02 19 02 02 02 02 02 02 02 02 02 02 02
3D 2C 02 02 02 02 19 02 02 19 02 19 02 19 02 02
3D 3D 02 02 02 02 02 02 02 02 02 02 02 02 02 02
3D 3D 19 19 19 19 19 19 19 19 19 19 19 19 19 19
3D 3D 19 19 19 19 19 19 19 19 19 19 19 19 19 19
