# First-quest overworld screen x=11, y=7
screen 11 07
37 37 37 37 37 37 37 37 37 37 37 02 02 02 37 37
37 37 37 37 37 37 37 37 37 37 37 02 02 02 37 37
37 37 37 37 37 37 38 02 02 02 02 02 02 02 02 02
37 37 37 37 37 38 02 02 02 02 02 02 02 02 02 02
37 38 36 37 38 02 02 02 02 02 02 02 02 02 02 02
02 02 02 02 02 02 02 02 02 02 02 02 02 02 02 02
25 26 24 25 26 02 02 48 49 49 49 49 49 49 49 49
37 37 37 37 37 26 02 5A 5B 5B 5B 5B 5B 5B 5B 5B
37 37 37 37 37 37 26 5A 5B 5B 5B 5B 5B 5B 5B 5B
37 37 37 37 37 37 37 5A 5B 5B 5B 5B 5B 5B 5B 5B
37 37 37 37 37 37 37 5A 5B 5B 5B 5B 5B 5B 5B 5B
