# First-quest overworld screen x=2, y=7
screen 02 07
13 13 13 13 13 13 02 02 13 13 13 13 13 13 13 13
13 13 13 13 13 13 02 02 13 13 13 13 13 13 13 13
13 13 13 13 13 13 02 02 02 02 02 02 02 02 02 02
13 13 13 13 13 13 13 13 13 13 13 13 13 13 13 13
02 02 13 13 13 13 13 13 13 13 13 13 13 13 13 13
02 02 02 02 02 02 13 13 13 13 13 13 13 13 13 13
02 02 02 02 02 02 13 13 13 13 13 13 13 13 13 13
13 13 02 02 02 02 13 13 13 13 13 13 13 13 13 13
13 13 02 02 02 02 02 02 02 02 02 02 02 02 02 02
13 13 13 13 13 13 13 13 13 13 13 13 13 13 13 13
13 13 13 13 13 13 13 13 13 13 13 13 13 13 13 13
