# First-quest overworld screen x=0, y=7
screen 00 07
37 37 37 37 37 37 37 37 37 37 37 37 37 37 37 37
37 37 37 37 37 37 37 37 37 37 37 16 37 37 37 37
37 37 37 38 02 02 02 02 02 02 02 02 02 02 02 02
37 37 38 02 02 03 05 02 03 05 02 02 02 02 02 02
37 38 02 02 02 15 17 02 15 17 02 02 02 02 02 02
37 02 02 02 02 02 02 02 02 02 02 02 02 02 02 02
37 26 02 02 02 02 03 05 02 03 05 02 02 02 02 02
37 37 26 02 02 02 15 17 02 15 17 02 02 02 02 02
37 37 37 26 02 02 02 02 02 02 02 02 02 02 02 02
37 37 37 37 25 25 25 25 25 25 25 25 25 25 25 25
37 37 37 37 37 37 37 37 37 37 37 37 37 37 37 37
