# First-quest overworld screen x=4, y=3
screen 04 03
37 37 37 37 37 37 37 37 37 37 37 37 37 37 37 37
37 37 37 37 37 37 37 37 37 37 37 37 37 37 37 37
37 38 02 02 02 02 02 02 02 02 02 02 02 02 37 37
37 02 02 02 02 02 02 02 02 02 02 02 02 02 36 37
37 02 14 02 14 02 14 02 02 02 02 02 02 02 02 37
37 02 02 02 02 02 02 02 02 02 02 02 02 02 02 37
37 02 14 02 14 02 14 02 02 48 49 49 49 49 49 5B
37 02 02 02 02 02 02 02 02 5A 5B 5B 5B 5B 5B 5B
37 26 02 02 02 02 02 02 02 5A 5B 5B 5B 5B 5B 5B
37 37 25 25 25 25 25 25 02 5A 5B 5B 5B 5B 5B 5B
37 37 37 37 37 37 37 37 02 5A 5B 5B 5B 5B 5B 5B
