# First-quest overworld screen x=7, y=3
screen 07 03
5B 37 37 37 37 37 37 37 37 37 37 37 37 37 37 5B
5B 37 37 37 37 37 37 37 37 37 37 37 37 37 37 5B
5B 37 02 02 02 02 02 02 02 02 02 02 02 02 37 5B
5B 37 02 03 05 02 03 04 05 02 03 05 02 02 37 5B
5B 37 02 15 17 02 15 16 17 02 15 17 02 02 37 5B
5B 37 02 02 02 02 02 02 02 02 02 02 02 02 02 83
5B 37 02 02 03 05 02 02 02 03 05 02 02 02 25 5B
5B 37 02 02 15 17 02 02 02 15 17 02 02 02 37 5B
5B 37 02 02 02 02 02 02 02 02 02 02 02 02 37 5B
5B 37 25 25 25 25 25 25 25 25 25 25 25 25 37 5B
5B 37 37 37 37 37 37 37 37 37 37 37 37 37 37 5B
