# First-quest overworld screen x=14, y=3
screen 14 03
37 37 02 02 02 02 02 02 02 5A 5B 5B 5B 5B 5B 5B
37 37 02 02 02 02 02 02 02 5A 5B 5B 5B 5B 5B 5B
37 37 02 02 02 02 02 02 02 5A 5B 5B 5B 5B 5B 5B
37 37 02 02 02 02 02 02 02 5A 5B 5B 5B 5B 5B 5B
37 37 02 02 02 02 02 02 02 6C 6D 6D 6D 6D 6D 6D
37 37 02 02 02 02 02 02 02 02 02 02 02 02 02 02
37 37 02 02 02 02 02 02 02 02 02 02 02 02 02 02
37 37 02 02 02 02 02 02 02 02 02 02 02 02 02 02
37 37 26 02 02 02 02 02 02 02 02 02 02 02 02 02
37 37 37 25 25 25 25 25 25 25 25 25 25 25 25 25
37 37 37 37 37 37 37 37 37 37 37 37 37 37 37 37
