# First-quest overworld screen x=13, y=3
screen 13 03
19 19 19 19 19 19 19 02 02 19 19 19 19 19 19 19
19 19 19 19 19 19 19 02 02 19 19 19 19 19 19 19
19 02 02 02 02 02 02 02 02 02 02 02 02 02 02 19
19 02 19 02 19 02 02 02 02 02 02 19 02 02 02 19
19 02 02 02 02 02 1A 02 02 1A 02 02 02 19 02 19
19 02 19 02 19 02 02 02 02 02 02 19 02 02 02 19
19 02 02 02 02 02 02 02 02 02 02 02 02 19 02 19
19 02 19 02 19 02 02 02 02 02 02 19 02 02 02 19
19 02 02 02 02 02 02 02 02 02 02 02 02 02 02 19
19 02 19 02 19 02 19 02 02 19 02 19 02 19 02 19
19 02 19 02 19 02 19 02 02 19 02 19 02 19 02 19
