# First-quest overworld screen x=2, y=3
screen 02 03
37 37 37 37 37 37 37 12 37 37 37 37 37 37 37 37
37 37 37 37 37 37 37 12 37 38 36 37 37 37 37 37
37 37 38 36 37 37 37 12 37 02 02 36 37 37 37 37
36 38 02 02 36 37 37 12 37 02 02 02 36 37 37 37
02 02 02 02 02 36 37 12 38 02 02 02 02 36 37 37
02 02 02 02 02 02 02 02 02 02 02 02 02 02 02 02
02 02 02 02 02 02 02 02 02 02 02 02 02 24 25 25
24 26 02 02 02 02 02 02 02 02 02 02 02 37 37 37
37 37 26 02 02 02 02 02 02 02 02 02 02 37 37 37
37 37 37 25 25 25 25 25 25 25 25 25 25 37 37 37
37 37 37 37 37 37 37 37 37 37 37 37 37 37 37 37
